1 0.45520833281249995 0.00546875 0.45520833281249995 0.078125 0.8239583328125001 0.08203125 0.8197916671875 0.0109375 0.45520833281249995 0.00546875
1 0.45104166718750005 0.103125 0.45104166718750005 0.18203125 0.83125 0.1828125 0.8270833328125 0.1078125 0.45104166718750005 0.103125
1 0.44895833281249997 0.20546875 0.45 0.28671875 0.8375 0.2890625 0.8333333328125001 0.21015625 0.44895833281249997 0.20546875
1 0.0270833328125 0.08828125 0.017708332812499998 0.16796875 0.409375 0.18203125 0.4125 0.1046875 0.0270833328125 0.08828125
1 0.39895833281250004 0.2875 0.40416666718750005 0.20703125 0.0083333328125 0.1953125 0.0041666671875 0.2765625 0.39895833281250004 0.2875
1 0.5072916671875001 0.4140625 0.5083333328124999 0.50078125 0.91875 0.50625 0.9114583328125001 0.41875 0.5072916671875001 0.4140625
1 0.034375 0.4953125 0.45520833281249995 0.50234375 0.4604166671875 0.415625 0.05 0.40390625 0.034375 0.4953125
1 0.50625 0.53125 0.50625 0.62421875 0.9333333328125001 0.634375 0.9239583328125001 0.5390625 0.50625 0.53125
1 0.45416666718750004 0.62265625 0.45625 0.53125 0.0322916671875 0.525 0.0135416671875 0.61953125 0.45416666718750004 0.62265625
1 0.503125 0.659375 0.5020833328125 0.7625 0.9458333328125 0.771875 0.9322916671874999 0.66875 0.503125 0.659375
1 0.5020833328125 0.803125 0.5 0.91484375 0.9572916671874999 0.91953125 0.95 0.80859375 0.5020833328125 0.803125
1 0.45 0.7578125 0.453125 0.66015625 0.0114583328125 0.65625 0.0041666671875 0.7625 0.45 0.7578125
1 0.4447916671875 0.9125 0.4458333328125 0.79609375 0.0010416671875 0.8 0.0010416671875 0.91328125 0.4447916671875 0.9125