1 0.6791666671875001 0.80078125 0.6802083328124999 0.76640625 0.45520833281249995 0.775 0.45729166718750003 0.81015625 0.6791666671875001 0.80078125
1 0.68125 0.7640625 0.6822916671875 0.7265625 0.45 0.73515625 0.453125 0.77265625 0.68125 0.7640625
1 0.6822916671875 0.7234375 0.6854166671875 0.6828125 0.44375 0.69140625 0.4479166671875 0.73203125 0.6822916671875 0.7234375
1 0.6875 0.67890625 0.6895833328125 0.63671875 0.43854166718750004 0.64453125 0.4427083328125 0.6875 0.6875 0.67890625
1 0.690625 0.6328125 0.6927083328125 0.58671875 0.4322916671875 0.5953125 0.43645833281249996 0.640625 0.690625 0.6328125
1 0.6947916671875001 0.58125 0.6979166671875 0.5328125 0.428125 0.54140625 0.43125 0.58984375 0.6947916671875001 0.58125
1 0.6979166671875 0.52734375 0.7020833328125 0.4734375 0.41979166718750005 0.48203125 0.425 0.53671875 0.6979166671875 0.52734375
1 0.7020833328125 0.46875 0.7072916671875 0.40859375 0.4125 0.41875 0.4166666671875 0.47734375 0.7020833328125 0.46875
1 0.7072916671875 0.403125 0.7135416671875 0.33671875 0.4 0.34921875 0.40729166718750004 0.41484375 0.7072916671875 0.403125
1 0.7145833328125 0.33125 0.71875 0.25859375 0.3916666671875 0.26953125 0.39895833281250004 0.3421875 0.7145833328125 0.33125
1 0.7197916671875 0.25234375 0.7260416671875001 0.171875 0.38229166718749996 0.18203125 0.3864583328125 0.265625 0.7197916671875 0.25234375
1 0.7302083328125 0.16484375 0.7354166671875 0.07421875 0.3697916671875 0.0875 0.3802083328125 0.17734375 0.7302083328125 0.16484375