1 0.2479166671875 0.14140625 0.253125 0.18515625 0.4947916671875 0.1828125 0.484375 0.1421875 0.2479166671875 0.14140625
1 0.2541666671875 0.18984375 0.2604166671875 0.234375 0.5072916671875001 0.23046875 0.496875 0.18671875 0.2541666671875 0.18984375
1 0.2604166671875 0.2390625 0.26875 0.28671875 0.5208333328125 0.2796875 0.5104166671875 0.234375 0.2604166671875 0.2390625
1 0.2677083328125 0.290625 0.2760416671875 0.3421875 0.5354166671875 0.33203125 0.5229166671875001 0.2828125 0.2677083328125 0.290625
1 0.2770833328125 0.34609375 0.284375 0.39921875 0.55 0.38671875 0.5375 0.3359375 0.2770833328125 0.34609375
1 0.2864583328125 0.40390625 0.2947916671875 0.459375 0.5645833328125 0.4421875 0.5520833328125 0.3921875 0.2864583328125 0.40390625
1 0.2958333328125 0.465625 0.303125 0.52421875 0.5822916671875 0.503125 0.5666666671875 0.44765625 0.2958333328125 0.465625
1 0.30520833281250004 0.53046875 0.3125 0.59296875 0.5979166671875 0.56640625 0.5822916671875 0.5078125 0.30520833281250004 0.53046875
1 0.315625 0.59765625 0.3239583328125 0.66640625 0.61875 0.63359375 0.6010416671875001 0.5703125 0.315625 0.59765625
1 0.3260416671875 0.671875 0.334375 0.74453125 0.6364583328125 0.70703125 0.6208333328125 0.6390625 0.3260416671875 0.671875
1 0.33645833281250004 0.75078125 0.346875 0.82734375 0.6583333328125 0.784375 0.6395833328125 0.7125 0.33645833281250004 0.75078125
1 0.346875 0.8359375 0.3583333328125 0.9171875 0.6791666671875001 0.86484375 0.6583333328125 0.7890625 0.346875 0.8359375