1 0.6864583328125 0.8015625 0.6885416671875 0.76640625 0.4635416671875 0.77265625 0.46666666718750005 0.80703125 0.6864583328125 0.8015625
1 0.6885416671875 0.7640625 0.6885416671875 0.72578125 0.4583333328125 0.73203125 0.4614583328125 0.76953125 0.6885416671875 0.7640625
1 0.6885416671875 0.721875 0.690625 0.68359375 0.45104166718750005 0.68828125 0.45625 0.72890625 0.6885416671875 0.721875
1 0.6916666671875 0.6796875 0.69375 0.6359375 0.4447916671875 0.64296875 0.44895833281249997 0.68515625 0.6916666671875 0.6796875
1 0.69375 0.6328125 0.6947916671875001 0.58671875 0.43645833281249996 0.59375 0.4427083328125 0.63828125 0.69375 0.6328125
1 0.6947916671875001 0.5828125 0.696875 0.5328125 0.428125 0.54140625 0.43541666718750005 0.58984375 0.6947916671875001 0.5828125
1 0.696875 0.528125 0.7 0.4734375 0.42083333281249996 0.48359375 0.4270833328125 0.5359375 0.696875 0.528125
1 0.6989583328125 0.46875 0.7020833328125 0.409375 0.409375 0.421875 0.41770833281249997 0.47890625 0.6989583328125 0.46875
1 0.7020833328125 0.4046875 0.70625 0.33984375 0.4 0.353125 0.40729166718750004 0.41640625 0.7020833328125 0.4046875
1 0.7041666671875 0.33515625 0.7083333328125 0.26328125 0.3864583328125 0.27734375 0.39791666718749996 0.3484375 0.7041666671875 0.33515625
1 0.7072916671875 0.25625 0.7114583328124999 0.178125 0.3739583328125 0.19453125 0.384375 0.271875 0.7072916671875 0.25625
1 0.7135416671875 0.17109375 0.7166666671875 0.08359375 0.359375 0.103125 0.3729166671875 0.1890625 0.7135416671875 0.17109375