1 0.2822916671875 0.13671875 0.2864583328125 0.18125 0.5291666671875 0.18984375 0.5208333328125 0.14765625 0.2822916671875 0.13671875
1 0.2875 0.18515625 0.2916666671875 0.23125 0.540625 0.23828125 0.53125 0.19375 0.2875 0.18515625
1 0.2927083328125 0.23515625 0.296875 0.28359375 0.5520833328125 0.28984375 0.5427083328125 0.2421875 0.2927083328125 0.23515625
1 0.296875 0.2890625 0.3020833328125 0.340625 0.5635416671875 0.3421875 0.553125 0.29375 0.296875 0.2890625
1 0.30416666718749996 0.3453125 0.3083333328125 0.4 0.575 0.3984375 0.565625 0.346875 0.30416666718749996 0.3453125
1 0.3104166671875 0.40625 0.315625 0.4625 0.5854166671875001 0.45703125 0.5760416671875 0.40390625 0.3104166671875 0.40625
1 0.3166666671875 0.46796875 0.321875 0.52890625 0.603125 0.51796875 0.5916666671875 0.46015625 0.3166666671875 0.46796875
1 0.3239583328125 0.53515625 0.3291666671875 0.6 0.6166666671875001 0.5828125 0.6052083328125 0.521875 0.3239583328125 0.53515625
1 0.3302083328125 0.60546875 0.3375 0.67421875 0.634375 0.65234375 0.6197916671875 0.5875 0.3302083328125 0.60546875
1 0.3385416671875 0.68046875 0.3447916671875 0.75625 0.65 0.72734375 0.6364583328125 0.6578125 0.3385416671875 0.68046875
1 0.3447916671875 0.7625 0.353125 0.84296875 0.66875 0.8046875 0.653125 0.73203125 0.3447916671875 0.7625
1 0.353125 0.84921875 0.3604166671875 0.9359375 0.6864583328125 0.88828125 0.6697916671875 0.81015625 0.353125 0.84921875