1 0.3135416671875 0.1953125 0.3114583328125 0.2296875 0.5364583328125 0.2234375 0.5364583328125 0.18671875 0.3135416671875 0.1953125
1 0.3125 0.23125 0.309375 0.26953125 0.5427083328125 0.26171875 0.540625 0.22578125 0.3125 0.23125
1 0.3083333328125 0.27265625 0.30520833281250004 0.3109375 0.546875 0.30625 0.54375 0.26640625 0.3083333328125 0.27265625
1 0.30416666718749996 0.31640625 0.3020833328125 0.35859375 0.5510416671875 0.35234375 0.5479166671875 0.31015625 0.30416666718749996 0.31640625
1 0.3010416671875 0.36171875 0.2989583328125 0.4078125 0.55625 0.40234375 0.5552083328124999 0.35703125 0.3010416671875 0.36171875
1 0.2958333328125 0.41171875 0.29375 0.4625 0.565625 0.4546875 0.5604166671875 0.4078125 0.2958333328125 0.41171875
1 0.29375 0.46640625 0.28958333281250004 0.52109375 0.571875 0.5125 0.56875 0.46015625 0.29375 0.46640625
1 0.28854166718749996 0.52578125 0.2833333328125 0.58515625 0.5791666671875 0.57578125 0.5729166671875 0.5171875 0.28854166718749996 0.52578125
1 0.2833333328125 0.59140625 0.2770833328125 0.65546875 0.590625 0.64609375 0.584375 0.58125 0.2833333328125 0.59140625
1 0.2770833328125 0.6609375 0.2708333328125 0.73359375 0.6010416671875001 0.725 0.5927083328125 0.6515625 0.2770833328125 0.6609375
1 0.2697916671875 0.73984375 0.2635416671875 0.8203125 0.6104166671875 0.80859375 0.6010416671875001 0.7296875 0.2697916671875 0.73984375
1 0.2635416671875 0.8265625 0.25625 0.9203125 0.6229166671875 0.90390625 0.6135416671875 0.81640625 0.2635416671875 0.8265625