1 0.6802083328124999 0.2328125 0.6791666671875001 0.1984375 0.45729166718750003 0.1890625 0.45520833281249995 0.22421875 0.6802083328124999 0.2328125
1 0.6822916671875 0.27265625 0.68125 0.23515625 0.453125 0.2265625 0.45 0.2640625 0.6822916671875 0.27265625
1 0.6854166671875 0.31640625 0.6822916671875 0.27578125 0.4479166671875 0.2671875 0.44375 0.3078125 0.6854166671875 0.31640625
1 0.6895833328125 0.3625 0.6875 0.3203125 0.4427083328125 0.31171875 0.43854166718750004 0.3546875 0.6895833328125 0.3625
1 0.6927083328125 0.4125 0.690625 0.36640625 0.43645833281249996 0.35859375 0.4322916671875 0.40390625 0.6927083328125 0.4125
1 0.6979166671875 0.46640625 0.6947916671875001 0.41796875 0.43125 0.409375 0.428125 0.4578125 0.6979166671875 0.46640625
1 0.7020833328125 0.52578125 0.6979166671875 0.471875 0.425 0.4625 0.41979166718750005 0.5171875 0.7020833328125 0.52578125
1 0.7072916671875 0.590625 0.7020833328125 0.53046875 0.4166666671875 0.521875 0.4125 0.58046875 0.7072916671875 0.590625
1 0.7135416671875 0.6625 0.7072916671875 0.59609375 0.40729166718750004 0.584375 0.4 0.65 0.7135416671875 0.6625
1 0.71875 0.740625 0.7145833328125 0.66796875 0.39895833281250004 0.65703125 0.3916666671875 0.7296875 0.71875 0.740625
1 0.7260416671875001 0.82734375 0.7197916671875 0.746875 0.3864583328125 0.73359375 0.38229166718749996 0.8171875 0.7260416671875001 0.82734375
1 0.7354166671875 0.925 0.7302083328125 0.834375 0.3802083328125 0.821875 0.3697916671875 0.91171875 0.7354166671875 0.925