1 0.6885416671875 0.2328125 0.6864583328125 0.19765625 0.46666666718750005 0.1921875 0.4635416671875 0.2265625 0.6885416671875 0.2328125
1 0.6885416671875 0.2734375 0.6885416671875 0.23515625 0.4614583328125 0.2296875 0.4583333328125 0.2671875 0.6885416671875 0.2734375
1 0.690625 0.315625 0.6885416671875 0.27734375 0.45625 0.2703125 0.45104166718750005 0.3109375 0.690625 0.315625
1 0.69375 0.36328125 0.6916666671875 0.31953125 0.44895833281249997 0.3140625 0.4447916671875 0.35625 0.69375 0.36328125
1 0.6947916671875001 0.4125 0.69375 0.36640625 0.4427083328125 0.3609375 0.43645833281249996 0.40546875 0.6947916671875001 0.4125
1 0.696875 0.46640625 0.6947916671875001 0.41640625 0.43541666718750005 0.409375 0.428125 0.4578125 0.696875 0.46640625
1 0.7 0.52578125 0.696875 0.47109375 0.4270833328125 0.46328125 0.42083333281249996 0.515625 0.7 0.52578125
1 0.7020833328125 0.58984375 0.6989583328125 0.53046875 0.41770833281249997 0.5203125 0.409375 0.57734375 0.7020833328125 0.58984375
1 0.70625 0.659375 0.7020833328125 0.59453125 0.40729166718750004 0.5828125 0.4 0.64609375 0.70625 0.659375
1 0.7083333328125 0.7359375 0.7041666671875 0.6640625 0.39791666718749996 0.65078125 0.3864583328125 0.721875 0.7083333328125 0.7359375
1 0.7114583328124999 0.82109375 0.7072916671875 0.74296875 0.384375 0.72734375 0.3739583328125 0.8046875 0.7114583328124999 0.82109375
1 0.7166666671875 0.915625 0.7135416671875 0.828125 0.3729166671875 0.81015625 0.359375 0.89609375 0.7166666671875 0.915625