1 0.6927083328125 0.22578125 0.690625 0.1921875 0.47083333281249995 0.18515625 0.46666666718750005 0.21875 0.6927083328125 0.22578125
1 0.69375 0.26640625 0.6927083328125 0.22734375 0.465625 0.22265625 0.4625 0.25859375 0.69375 0.26640625
1 0.696875 0.3109375 0.69375 0.26953125 0.459375 0.2625 0.45729166718750003 0.30234375 0.696875 0.3109375
1 0.6989583328125 0.35625 0.696875 0.3125 0.45520833281249995 0.30625 0.45104166718750005 0.3484375 0.6989583328125 0.35625
1 0.7020833328125 0.40390625 0.7 0.359375 0.446875 0.3515625 0.4447916671875 0.3984375 0.7020833328125 0.40390625
1 0.7041666671875 0.45859375 0.7010416671875 0.41015625 0.44166666718750003 0.40234375 0.4375 0.44921875 0.7041666671875 0.45859375
1 0.7104166671875001 0.5171875 0.70625 0.4625 0.43541666718750005 0.45546875 0.4291666671875 0.5078125 0.7104166671875001 0.5171875
1 0.7135416671875 0.58046875 0.7104166671875001 0.52265625 0.42604166718750003 0.5125 0.41979166718750005 0.56953125 0.7135416671875 0.58046875
1 0.71875 0.65 0.7145833328125 0.58515625 0.41770833281249997 0.575 0.40833333281249995 0.6390625 0.71875 0.65
1 0.7239583328125 0.72734375 0.71875 0.65546875 0.40625 0.64375 0.39895833281250004 0.715625 0.7239583328125 0.72734375
1 0.728125 0.8125 0.7239583328125 0.73359375 0.3947916671875 0.721875 0.3864583328125 0.79921875 0.728125 0.8125
1 0.7354166671875 0.90703125 0.7291666671875 0.81796875 0.3854166671875 0.80546875 0.3739583328125 0.89140625 0.7354166671875 0.90703125