1 0.7458333328125 0.18515625 0.7510416671875 0.14140625 0.5145833328125 0.1421875 0.5041666671875 0.1828125 0.7458333328125 0.18515625
1 0.7385416671875 0.234375 0.7447916671875 0.18984375 0.5020833328125 0.18671875 0.4916666671875 0.23046875 0.7385416671875 0.234375
1 0.7302083328125 0.28671875 0.7385416671875 0.2390625 0.48854166718750003 0.234375 0.478125 0.2796875 0.7302083328125 0.28671875
1 0.7229166671875 0.3421875 0.73125 0.290625 0.4760416671875 0.2828125 0.4635416671875 0.33203125 0.7229166671875 0.3421875
1 0.7145833328125 0.39921875 0.721875 0.34609375 0.4614583328125 0.3359375 0.44895833281249997 0.38671875 0.7145833328125 0.39921875
1 0.7041666671875 0.459375 0.7125 0.40390625 0.446875 0.3921875 0.434375 0.4421875 0.7041666671875 0.459375
1 0.6958333328124999 0.52421875 0.703125 0.465625 0.4322916671875 0.44765625 0.4166666671875 0.503125 0.6958333328124999 0.52421875
1 0.6864583328125 0.59296875 0.69375 0.53046875 0.4166666671875 0.5078125 0.4010416671875 0.56640625 0.6864583328125 0.59296875
1 0.675 0.66640625 0.6833333328125 0.59765625 0.39791666718749996 0.5703125 0.3802083328125 0.63359375 0.675 0.66640625
1 0.6645833328124999 0.74453125 0.6729166671875 0.671875 0.378125 0.6390625 0.3625 0.70703125 0.6645833328124999 0.74453125
1 0.6520833328125 0.82734375 0.6625 0.75078125 0.359375 0.7125 0.340625 0.784375 0.6520833328125 0.82734375
1 0.640625 0.9171875 0.6520833328125 0.8359375 0.340625 0.7890625 0.31979166718749996 0.86484375 0.640625 0.9171875