1 0.64375 0.16015625 0.6385416671875 0.115625 0.40520833281249996 0.15390625 0.40625 0.196875 0.64375 0.16015625
1 0.6489583328124999 0.21015625 0.64375 0.1640625 0.40416666718750005 0.20078125 0.40416666718750005 0.24609375 0.6489583328124999 0.21015625
1 0.6541666671875 0.2625 0.6489583328124999 0.2140625 0.403125 0.25 0.40416666718750005 0.2984375 0.6541666671875 0.2625
1 0.6614583328125 0.31953125 0.6552083328125 0.26796875 0.403125 0.30234375 0.403125 0.3515625 0.6614583328125 0.31953125
1 0.6677083328125 0.37890625 0.6604166671875 0.32421875 0.40208333281249997 0.35625 0.403125 0.4078125 0.6677083328125 0.37890625
1 0.6729166671875 0.44140625 0.6666666671875 0.38515625 0.403125 0.41328125 0.40520833281249996 0.4671875 0.6729166671875 0.44140625
1 0.6802083328124999 0.5078125 0.6729166671875 0.446875 0.4 0.47109375 0.4 0.5296875 0.6802083328124999 0.5078125
1 0.6875 0.57890625 0.6791666671875001 0.5140625 0.39895833281250004 0.53359375 0.4 0.5953125 0.6875 0.57890625
1 0.6947916671875001 0.653125 0.6875 0.584375 0.39791666718749996 0.6 0.396875 0.665625 0.6947916671875001 0.653125
1 0.7041666671875 0.73515625 0.6947916671875001 0.659375 0.3958333328125 0.67109375 0.396875 0.74140625 0.7041666671875 0.73515625
1 0.7145833328125 0.821875 0.70625 0.74140625 0.3947916671875 0.746875 0.3947916671875 0.8203125 0.7145833328125 0.821875
1 0.7260416671875001 0.9140625 0.715625 0.828125 0.3947916671875 0.82578125 0.39375 0.9046875 0.7260416671875001 0.9140625