1 0.634375 0.21796875 0.628125 0.18359375 0.40625 0.19453125 0.41041666718750003 0.2296875 0.634375 0.21796875
1 0.64375 0.25703125 0.6364583328125 0.2203125 0.40833333281249995 0.2328125 0.4114583328125 0.2703125 0.64375 0.25703125
1 0.653125 0.30078125 0.64375 0.26015625 0.409375 0.2734375 0.4125 0.3140625 0.653125 0.30078125
1 0.665625 0.34609375 0.65625 0.30390625 0.4114583328125 0.31796875 0.4145833328125 0.3609375 0.665625 0.34609375
1 0.6760416671875 0.3953125 0.6666666671875 0.34921875 0.4135416671875 0.36484375 0.4166666671875 0.41015625 0.6760416671875 0.3953125
1 0.690625 0.4484375 0.6791666671875001 0.4 0.4166666671875 0.415625 0.42083333281249996 0.4640625 0.690625 0.4484375
1 0.7041666671875 0.50703125 0.6916666671875 0.45390625 0.41875 0.46953125 0.42291666718750004 0.52421875 0.7041666671875 0.50703125
1 0.7197916671875 0.5703125 0.7052083328125 0.51171875 0.42083333281249996 0.52890625 0.42604166718750003 0.5875 0.7197916671875 0.5703125
1 0.7375 0.64140625 0.7208333328125 0.57578125 0.42083333281249996 0.5921875 0.425 0.6578125 0.7375 0.64140625
1 0.75625 0.71875 0.7395833328125 0.646875 0.425 0.66484375 0.4291666671875 0.7375 0.75625 0.71875
1 0.7770833328125 0.80390625 0.7583333328124999 0.72421875 0.425 0.7421875 0.434375 0.825 0.7770833328125 0.80390625
1 0.8020833328125001 0.9 0.7822916671875 0.81015625 0.43333333281249997 0.8296875 0.4375 0.9203125 0.8020833328125001 0.9