1 0.653125 0.159375 0.6489583328124999 0.12421875 0.4125 0.1078125 0.4125 0.14375 0.653125 0.159375
1 0.659375 0.19921875 0.6541666671875 0.1625 0.409375 0.14765625 0.409375 0.18359375 0.659375 0.19921875
1 0.6666666671875 0.24375 0.6604166671875 0.2046875 0.40833333281249995 0.18828125 0.40833333281249995 0.2296875 0.6666666671875 0.24375
1 0.675 0.28984375 0.66875 0.24921875 0.40520833281249996 0.23359375 0.40416666718750005 0.27890625 0.675 0.28984375
1 0.6822916671875 0.3421875 0.675 0.29609375 0.403125 0.28359375 0.40208333281249997 0.33125 0.6822916671875 0.3421875
1 0.6916666671875 0.39921875 0.6833333328125 0.3484375 0.4 0.3359375 0.39791666718749996 0.3875 0.6916666671875 0.39921875
1 0.7010416671875 0.459375 0.6927083328125 0.40390625 0.3958333328125 0.3921875 0.3947916671875 0.45078125 0.7010416671875 0.459375
1 0.7125 0.52578125 0.7020833328125 0.4640625 0.3927083328125 0.4546875 0.3895833328125 0.51796875 0.7125 0.52578125
1 0.725 0.6 0.7125 0.53125 0.3875 0.52421875 0.384375 0.59296875 0.725 0.6
1 0.7385416671875 0.68203125 0.7260416671875001 0.60625 0.38333333281250004 0.6 0.3791666671875 0.678125 0.7385416671875 0.68203125
1 0.753125 0.775 0.7385416671875 0.690625 0.3770833328125 0.68515625 0.3729166671875 0.775 0.753125 0.775
1 0.7708333328125 0.87890625 0.7552083328125 0.78203125 0.3729166671875 0.78203125 0.365625 0.87890625 0.7708333328125 0.87890625