1 0.7239583328125 0.1875 0.728125 0.14296875 0.490625 0.14609375 0.48229166718750005 0.1875 0.7239583328125 0.1875
1 0.7177083328125 0.2375 0.7229166671875 0.19140625 0.4791666671875 0.19296875 0.47083333281249995 0.23671875 0.7177083328125 0.2375
1 0.7125 0.28828125 0.7177083328125 0.24140625 0.46875 0.240625 0.4583333328125 0.2875 0.7125 0.28828125
1 0.7052083328125 0.34453125 0.7125 0.29375 0.45729166718750003 0.29140625 0.446875 0.33984375 0.7052083328125 0.34453125
1 0.6979166671875 0.403125 0.7052083328125 0.34921875 0.44375 0.34453125 0.43333333281249997 0.3953125 0.6979166671875 0.403125
1 0.6916666671875 0.465625 0.696875 0.4078125 0.43125 0.39921875 0.42083333281249996 0.4515625 0.6916666671875 0.465625
1 0.6822916671875 0.53046875 0.6895833328125 0.46953125 0.41770833281249997 0.4578125 0.40520833281249996 0.51328125 0.6822916671875 0.53046875
1 0.6770833328125 0.6 0.6833333328125 0.5359375 0.403125 0.51796875 0.3895833328125 0.57890625 0.6770833328125 0.6
1 0.6677083328125 0.67421875 0.6770833328125 0.60390625 0.3854166671875 0.58359375 0.3708333328125 0.64765625 0.6677083328125 0.67421875
1 0.6604166671875 0.75390625 0.6666666671875 0.6796875 0.36875 0.6515625 0.3541666671875 0.721875 0.6604166671875 0.75390625
1 0.65 0.83828125 0.659375 0.76171875 0.35104166718749996 0.72734375 0.334375 0.8 0.65 0.83828125
1 0.640625 0.9328125 0.6489583328124999 0.846875 0.334375 0.8046875 0.3135416671875 0.88359375 0.640625 0.9328125