1 0.7125 0.18125 0.7166666671875 0.13671875 0.478125 0.14765625 0.46979166718750004 0.18984375 0.7125 0.18125
1 0.7072916671875 0.23125 0.7114583328124999 0.18515625 0.46770833281249996 0.19375 0.4583333328125 0.23828125 0.7072916671875 0.23125
1 0.7020833328125 0.28359375 0.70625 0.23515625 0.45625 0.2421875 0.446875 0.28984375 0.7020833328125 0.28359375
1 0.696875 0.340625 0.7020833328125 0.2890625 0.4458333328125 0.29375 0.43541666718750005 0.3421875 0.696875 0.340625
1 0.690625 0.4 0.6947916671875001 0.3453125 0.43333333281249997 0.346875 0.42395833281249995 0.3984375 0.690625 0.4
1 0.6833333328125 0.4625 0.6885416671875 0.40625 0.42291666718750004 0.40390625 0.4135416671875 0.45703125 0.6833333328125 0.4625
1 0.6770833328125 0.52890625 0.6822916671875 0.46796875 0.40729166718750004 0.46015625 0.3958333328125 0.51796875 0.6770833328125 0.52890625
1 0.6697916671875 0.6 0.675 0.53515625 0.39375 0.521875 0.38229166718749996 0.5828125 0.6697916671875 0.6
1 0.6614583328125 0.67421875 0.66875 0.60546875 0.3791666671875 0.5875 0.3645833328125 0.65234375 0.6614583328125 0.67421875
1 0.6541666671875 0.75625 0.6604166671875 0.68046875 0.3625 0.6578125 0.3489583328125 0.72734375 0.6541666671875 0.75625
1 0.6458333328125 0.84296875 0.6541666671875 0.7625 0.3458333328125 0.73203125 0.3302083328125 0.8046875 0.6458333328125 0.84296875
1 0.6385416671875 0.9359375 0.6458333328125 0.84921875 0.3291666671875 0.81015625 0.3125 0.88828125 0.6385416671875 0.9359375