1 0.734375 0.1859375 0.7385416671875 0.1421875 0.49791666718750005 0.14375 0.490625 0.1859375 0.734375 0.1859375
1 0.7270833328124999 0.234375 0.7333333328125 0.1890625 0.4875 0.190625 0.4770833328125 0.23515625 0.7270833328124999 0.234375
1 0.7208333328125 0.28828125 0.7260416671875001 0.2390625 0.475 0.2390625 0.465625 0.2859375 0.7208333328125 0.28828125
1 0.7125 0.34375 0.7208333328125 0.29140625 0.4635416671875 0.2890625 0.453125 0.33828125 0.7125 0.34375
1 0.7052083328125 0.4015625 0.7125 0.34921875 0.45208333281249996 0.3421875 0.43958333281249995 0.39296875 0.7052083328125 0.4015625
1 0.6989583328125 0.46328125 0.7041666671875 0.40625 0.4375 0.396875 0.42604166718750003 0.45 0.6989583328125 0.46328125
1 0.6895833328125 0.528125 0.6979166671875 0.46796875 0.42291666718750004 0.45546875 0.41041666718750003 0.5109375 0.6895833328125 0.528125
1 0.6802083328124999 0.5984375 0.6875 0.534375 0.40833333281249995 0.515625 0.3927083328125 0.57578125 0.6802083328124999 0.5984375
1 0.671875 0.671875 0.6802083328124999 0.60390625 0.390625 0.58046875 0.3760416671875 0.64453125 0.671875 0.671875
1 0.6625 0.75390625 0.6708333328125 0.678125 0.3729166671875 0.64921875 0.3572916671875 0.71875 0.6625 0.75390625
1 0.6520833328125 0.83828125 0.6625 0.76015625 0.3541666671875 0.725 0.3375 0.79609375 0.6520833328125 0.83828125
1 0.64375 0.9296875 0.6520833328125 0.8453125 0.33645833281250004 0.80078125 0.3166666671875 0.8796875 0.64375 0.9296875